0 60 -0.0021298122783815947
1 2 -0.1191221098587922
1 47 -0.016543374079133942
1 106 -0.009359526540249068
1 38 -0.008181134174950358
1 20 -0.007596015687286856
1 21 -0.006610617724926596
1 9 -0.0063325539126545165
1 91 -0.005944636885877376
1 98 -0.005774049092982992
1 32 -0.005337423369539368
1 62 -0.0047256080719243355
1 44 -0.0040413665350408755
1 85 -0.003726212727164918
1 88 -0.003469361828287195
1 8 -0.0033521909579123767
1 7 -0.0032348531921308613
1 19 -0.003066533434169859
1 73 -0.0030039457117042407
1 56 -0.0029683474762824346
1 4 -0.0027020750849214726
1 31 -0.0026588950939431524
1 59 -0.002538382429046902
1 78 -0.002369505319623206
1 82 -0.0023545725610819453
1 30 -0.0022622350718212135
1 97 -0.002153297596029797
1 33 -0.0020485509118832895
1 65 -0.0020320449862544186
1 60 -0.0019869178985572576
1 114 -0.0018967070998363385
1 34 -0.001777014862638958
1 113 -0.0016643954559440338
1 36 -0.0015656967938771425
1 40 -0.001507647011888937
1 26 -0.0014331122797475039
1 90 -0.0014001395459071178
1 94 -0.0012598711629725854
1 28 -0.0011133157774673914
1 69 -0.0010101145861749798
1 104 -0.0009987459986950482
1 100 -0.0009123165284074537
1 110 -0.0005655324161358923
2 3 -0.07292367799152968
2 77 -0.018761209276536534
2 17 -0.013163321173774608
2 107 -0.008365941725583819
2 101 -0.006686729706976257
2 80 -0.005896667017193357
2 64 -0.005276869834567061
2 75 -0.004618815756347945
2 63 -0.0042114214919122235
2 81 -0.003809681913630537
2 103 -0.003712964318602803
2 18 -0.0036480683009204834
2 50 -0.0035073780343568973
2 87 -0.0033198262996157126
2 95 -0.003268063064171721
2 15 -0.002886873081046447
2 84 -0.0028745694640458534
2 112 -0.0028009295266582545
2 5 -0.002599017743364142
2 66 -0.0025830893049205964
2 49 -0.0025812172555041042
2 92 -0.002572746090659265
2 43 -0.0025529870894794894
2 116 -0.0025225072254590423
2 52 -0.0024990584905697586
2 55 -0.002492941016384069
2 72 -0.002487667987933612
2 61 -0.0024048912115686273
2 6 -0.002340608586831133
2 89 -0.002339323151256046
2 51 -0.00232537334624167
2 46 -0.0022254649350010314
2 99 -0.002190946473120377
2 86 -0.002053184153143861
2 68 -0.0018914325963701472
2 41 -0.0017607932374248294
2 105 -0.0016693891328073127
2 83 -0.0016654604032312812
2 58 -0.0016403447906910497
2 54 -0.0015989559523013196
2 67 -0.0015667906026852912
2 24 -0.0015592497933844811
2 48 -0.001444318745448326
2 22 -0.0014359738295590678
2 109 -0.0014041741796501461
2 79 -0.0013510302747099547
2 115 -0.0008988054410295951
3 12 -0.015500191808993745
3 108 -0.0018761147484524785
3 39 -0.0016222078085750935
8 29 -0.0017543928532285633
9 23 -0.0025101206785039703
10 15 -0.00315009509296252
11 96 -0.0037301070001260457
13 47 -0.002257909234805113
14 77 -0.003750471060851115
16 77 -0.0011574828293830046
25 77 -0.0018876534318782953
27 75 -1.6053985987297044e-12
35 65 -0.005835657347485525
37 77 -0.00520080813176413
42 77 -0.0019226276547253303
44 102 -0.0011683216649054386
45 107 -0.001560699593933148
47 96 -0.0034235312588825314
47 70 -0.0023397985046934504
53 62 -0.004429190494269426
57 107 -0.001718527027325488
57 74 -0.0010607931826639328
71 76 -0.005034712033592707
76 77 -0.0029750087897830115
93 101 -0.0027285174839124324
111 115 -1.6053985028658692e-12
